0[[  5.30166472e-05]
 [  5.30166472e-05]
 [  5.30166472e-05]
 ..., 
 [  5.30166472e-05]
 [  5.30166472e-05]
 [  5.30166472e-05]]
[[ -4.50641501e-05]
 [  4.50641501e-05]
 [ -2.55363517e-05]
 ..., 
 [ -1.12660375e-04]
 [ -1.12660375e-04]
 [ -1.80256601e-04]]
1[[  9.80807974e-05]
 [  7.95249708e-06]
 [  7.85529990e-05]
 ..., 
 [  1.65677023e-04]
 [  1.65677023e-04]
 [  2.33273248e-04]]
[[ -1.18063816e-05]
 [  6.75962252e-06]
 [ -2.92718525e-05]
 ..., 
 [ -8.06116749e-05]
 [ -8.06116749e-05]
 [ -8.84270565e-05]]
2[[  1.09887179e-04]
 [  1.19287456e-06]
 [  1.07824851e-04]
 ..., 
 [  2.46288697e-04]
 [  2.46288697e-04]
 [  3.21700304e-04]]
[[ -3.20184432e-05]
 [  1.01394338e-06]
 [ -3.86688855e-05]
 ..., 
 [ -8.41268535e-05]
 [ -8.41268535e-05]
 [ -1.05406122e-04]]
3[[  1.41905622e-04]
 [  1.78931184e-07]
 [  1.46493737e-04]
 ..., 
 [  3.30415551e-04]
 [  3.30415551e-04]
 [  4.27106426e-04]]
[[ -4.86275298e-05]
 [  1.52091507e-07]
 [ -5.22212213e-05]
 ..., 
 [ -1.14644559e-04]
 [ -1.14644559e-04]
 [ -1.47937856e-04]]
4[[  1.90533152e-04]
 [  2.68396777e-08]
 [  1.98714958e-04]
 ..., 
 [  4.45060110e-04]
 [  4.45060110e-04]
 [  5.75044282e-04]]
[[ -6.91852834e-05]
 [  2.28137260e-08]
 [ -6.77195754e-05]
 ..., 
 [ -1.59779476e-04]
 [ -1.59779476e-04]
 [ -2.12005872e-04]]
5[[  2.59718435e-04]
 [  4.02595165e-09]
 [  2.66434534e-04]
 ..., 
 [  6.04839586e-04]
 [  6.04839586e-04]
 [  7.87050154e-04]]
[[ -9.80498242e-05]
 [  3.42205890e-09]
 [ -9.17188897e-05]
 ..., 
 [ -2.22960473e-04]
 [ -2.22960473e-04]
 [ -3.02182270e-04]]
5 [[  3.57768260e-04]
 [  6.03892747e-10]
 [  3.58153423e-04]
 ..., 
 [  8.27800059e-04]
 [  8.27800059e-04]
 [  1.08923242e-03]]