0[[  4.06041904e-05]
 [  4.06041904e-05]
 [  4.06041904e-05]
 ..., 
 [  4.06041904e-05]
 [  4.06041904e-05]
 [  4.06041904e-05]]
[[  0.00000000e+00]
 [  0.00000000e+00]
 [  0.00000000e+00]
 ..., 
 [  3.45135618e-05]
 [  3.45135618e-05]
 [  0.00000000e+00]]
1[[  4.06041904e-05]
 [  4.06041904e-05]
 [  4.06041904e-05]
 ..., 
 [  6.09062855e-06]
 [  6.09062855e-06]
 [  4.06041904e-05]]
[[  0.00000000e+00]
 [  0.00000000e+00]
 [  0.00000000e+00]
 ..., 
 [  5.17703427e-06]
 [  5.17703427e-06]
 [  5.10200479e-06]]
2[[  4.06041904e-05]
 [  4.06041904e-05]
 [  4.06041904e-05]
 ..., 
 [  9.13594283e-07]
 [  9.13594283e-07]
 [  3.55021856e-05]]
[[  1.71187951e-06]
 [  2.07800403e-06]
 [  4.15600807e-06]
 ..., 
 [  7.76555140e-07]
 [  7.76555140e-07]
 [  2.28881554e-06]]
3[[  3.88923108e-05]
 [  3.85261863e-05]
 [  3.64481823e-05]
 ..., 
 [  1.37039142e-07]
 [  1.37039142e-07]
 [  3.32133700e-05]]
[[  1.44628382e-06]
 [  5.25451656e-06]
 [  5.65009297e-06]
 ..., 
 [  1.16483271e-07]
 [  1.16483271e-07]
 [  1.90980230e-06]]
4[[  3.74460270e-05]
 [  3.32716698e-05]
 [  3.07980893e-05]
 ..., 
 [  2.05558714e-08]
 [  2.05558714e-08]
 [  3.13035677e-05]]
[[  1.59401868e-06]
 [  5.02645182e-06]
 [  4.14655000e-06]
 ..., 
 [  1.74724907e-08]
 [  1.74724907e-08]
 [  2.27390097e-06]]
5[[  3.58520083e-05]
 [  2.82452179e-05]
 [  2.66515393e-05]
 ..., 
 [  3.08338070e-09]
 [  3.08338070e-09]
 [  2.90296668e-05]]
[[  2.43683656e-06]
 [  5.14560249e-06]
 [  3.88193908e-06]
 ..., 
 [  2.62087360e-09]
 [  2.62087360e-09]
 [  2.63860331e-06]]
6[[  3.34151718e-05]
 [  2.30996155e-05]
 [  2.27696002e-05]
 ..., 
 [  4.62507106e-10]
 [  4.62507106e-10]
 [  2.63910634e-05]]
[[  3.59017082e-06]
 [  4.80632803e-06]
 [  4.52759316e-06]
 ..., 
 [  3.93131040e-10]
 [  3.93131040e-10]
 [  2.87100987e-06]]
7[[  2.98250010e-05]
 [  1.82932874e-05]
 [  1.82420071e-05]
 ..., 
 [  6.93760659e-11]
 [  6.93760659e-11]
 [  2.35200536e-05]]
[[  4.46157640e-06]
 [  4.19140639e-06]
 [  4.49666884e-06]
 ..., 
 [  5.89696560e-11]
 [  5.89696560e-11]
 [  2.98438975e-06]]
8[[  2.53634246e-05]
 [  1.41018810e-05]
 [  1.37453382e-05]
 ..., 
 [  1.04064099e-11]
 [  1.04064099e-11]
 [  2.05356638e-05]]
[[  4.75741640e-06]
 [  3.44080790e-06]
 [  3.76467168e-06]
 ..., 
 [  8.84544840e-12]
 [  8.84544840e-12]
 [  3.03496950e-06]]
9[[  2.06060081e-05]
 [  1.06610731e-05]
 [  9.98066656e-06]
 ..., 
 [  1.56096148e-12]
 [  1.56096148e-12]
 [  1.75006943e-05]]
[[  4.48060114e-06]
 [  2.69149767e-06]
 [  2.81568046e-06]
 ..., 
 [  1.32681726e-12]
 [  1.32681726e-12]
 [  2.99129597e-06]]
10[[  1.61254070e-05]
 [  7.96957545e-06]
 [  7.16498610e-06]
 ..., 
 [  2.34144222e-13]
 [  2.34144222e-13]
 [  1.45093984e-05]]
[[  3.84453055e-06]
 [  2.01877284e-06]
 [  1.94509464e-06]
 ..., 
 [  1.99022589e-13]
 [  1.99022589e-13]
 [  2.80815857e-06]]
11[[  1.22808765e-05]
 [  5.95080261e-06]
 [  5.21989146e-06]
 ..., 
 [  3.51216333e-14]
 [  3.51216333e-14]
 [  1.17012398e-05]]
[[  3.09728387e-06]
 [  1.45838940e-06]
 [  1.27046801e-06]
 ..., 
 [  2.98533883e-14]
 [  2.98533883e-14]
 [  2.50010288e-06]]
12[[  9.18359259e-06]
 [  4.49241321e-06]
 [  3.94942345e-06]
 ..., 
 [  5.26824500e-15]
 [  5.26824500e-15]
 [  9.20113691e-06]]
[[  2.40155158e-06]
 [  1.01919251e-06]
 [  8.01752599e-07]
 ..., 
 [  4.47800825e-15]
 [  4.47800825e-15]
 [  2.12064788e-06]]
13[[  6.78204102e-06]
 [  3.47322070e-06]
 [  3.14767085e-06]
 ..., 
 [  7.90236750e-16]
 [  7.90236750e-16]
 [  7.08048903e-06]]
[[  1.82117676e-06]
 [  6.93182205e-07]
 [  4.98313270e-07]
 ..., 
 [  6.71701238e-16]
 [  6.71701238e-16]
 [  1.72767531e-06]]
14[[  4.96086425e-06]
 [  2.78003849e-06]
 [  2.64935758e-06]
 ..., 
 [  1.18535513e-16]
 [  1.18535513e-16]
 [  5.35281372e-06]]
[[  1.36097887e-06]
 [  4.62356838e-07]
 [  3.09271305e-07]
 ..., 
 [  1.00755186e-16]
 [  1.00755186e-16]
 [  1.36238916e-06]]
15[[  3.59988538e-06]
 [  2.31768166e-06]
 [  2.34008627e-06]
 ..., 
 [  1.77803269e-17]
 [  1.77803269e-17]
 [  3.99042456e-06]]
[[  1.00397318e-06]
 [  3.04968628e-07]
 [  1.93088813e-07]
 ..., 
 [  1.51132778e-17]
 [  1.51132778e-17]
 [  1.04665554e-06]]
16[[  2.59591220e-06]
 [  2.01271303e-06]
 [  2.14699746e-06]
 ..., 
 [  2.66704903e-18]
 [  2.66704903e-18]
 [  2.94376902e-06]]
[[  7.30697231e-07]
 [  2.00558768e-07]
 [  1.21539466e-07]
 ..., 
 [  2.26699168e-18]
 [  2.26699168e-18]
 [  7.87296113e-07]]
17[[  1.86521497e-06]
 [  1.81215426e-06]
 [  2.02545799e-06]
 ..., 
 [  4.00057355e-19]
 [  4.00057355e-19]
 [  2.15647291e-06]]
[[  5.24629063e-07]
 [  1.32498904e-07]
 [  7.70786316e-08]
 ..., 
 [  3.40048752e-19]
 [  3.40048752e-19]
 [  5.82070934e-07]]
18[[  1.34058590e-06]
 [  1.67965536e-06]
 [  1.94837936e-06]
 ..., 
 [  6.00086032e-20]
 [  6.00086032e-20]
 [  1.57440197e-06]]
[[  3.72130282e-07]
 [  8.84897764e-08]
 [  4.91737620e-08]
 ..., 
 [  5.10073127e-20]
 [  5.10073127e-20]
 [  4.24284419e-07]]
19[[  9.68455621e-07]
 [  1.59116558e-06]
 [  1.89920560e-06]
 ..., 
 [  9.00129048e-21]
 [  9.00129048e-21]
 [  1.15011755e-06]]
[[  2.61545991e-07]
 [  6.00031340e-08]
 [  3.15179491e-08]
 ..., 
 [  7.65109691e-21]
 [  7.65109691e-21]
 [  3.05758819e-07]]
20[[  7.06909631e-07]
 [  1.53116245e-06]
 [  1.86768765e-06]
 ..., 
 [  1.35019357e-21]
 [  1.35019357e-21]
 [  8.44358733e-07]]
[[  1.82854874e-07]
 [  4.13940318e-08]
 [  2.02846750e-08]
 ..., 
 [  1.14766454e-21]
 [  1.14766454e-21]
 [  2.18433143e-07]]
21[[  5.24054756e-07]
 [  1.48976841e-06]
 [  1.84740298e-06]
 ..., 
 [  2.02529036e-22]
 [  2.02529036e-22]
 [  6.25925590e-07]]
[[  1.27695471e-07]
 [  2.90478026e-08]
 [  1.31119851e-08]
 ..., 
 [  1.72149680e-22]
 [  1.72149680e-22]
 [  1.55129203e-07]]
22[[  3.96359285e-07]
 [  1.46072061e-06]
 [  1.83429099e-06]
 ..., 
 [  3.03793554e-23]
 [  3.03793554e-23]
 [  4.70796387e-07]]
[[  8.94136874e-08]
 [  2.06982583e-08]
 [  8.52038049e-09]
 ..., 
 [  2.58224521e-23]
 [  2.58224521e-23]
 [  1.09836774e-07]]
23[[  3.06945597e-07]
 [  1.44002235e-06]
 [  1.82577061e-06]
 ..., 
 [  4.55690331e-24]
 [  4.55690331e-24]
 [  3.60959613e-07]]
[[  6.29638243e-08]
 [  1.49374847e-08]
 [  5.57385529e-09]
 ..., 
 [  3.87336781e-24]
 [  3.87336781e-24]
 [  7.77478080e-08]]
24[[  2.43981773e-07]
 [  1.42508487e-06]
 [  1.82019676e-06]
 ..., 
 [  6.83535496e-25]
 [  6.83535496e-25]
 [  2.83211805e-07]]
[[  4.46773583e-08]
 [  1.08883487e-08]
 [  3.67709403e-09]
 ..., 
 [  5.81005172e-25]
 [  5.81005172e-25]
 [  5.51563237e-08]]
25[[  1.99304415e-07]
 [  1.41419652e-06]
 [  1.81651966e-06]
 ..., 
 [  1.02530324e-25]
 [  1.02530324e-25]
 [  2.28055481e-07]]
[[  3.19736772e-08]
 [  7.99704034e-09]
 [  2.45071549e-09]
 ..., 
 [  8.71507757e-26]
 [  8.71507757e-26]
 [  3.92952624e-08]]
26[[  1.67330738e-07]
 [  1.40619948e-06]
 [  1.81406895e-06]
 ..., 
 [  1.53795487e-26]
 [  1.53795487e-26]
 [  1.88760219e-07]]
[[  2.30796222e-08]
 [  5.90639819e-09]
 [  1.65296207e-09]
 ..., 
 [  1.30726164e-26]
 [  1.30726164e-26]
 [  2.81532855e-08]]
27[[  1.44251115e-07]
 [  1.40029308e-06]
 [  1.81241598e-06]
 ..., 
 [  2.30693230e-27]
 [  2.30693230e-27]
 [  1.60606933e-07]]
[[  1.67940723e-08]
 [  4.38018805e-09]
 [  1.12989571e-09]
 ..., 
 [  1.96089245e-27]
 [  1.96089245e-27]
 [  2.02998013e-08]]
28[[  1.27457043e-07]
 [  1.39591289e-06]
 [  1.81128609e-06]
 ..., 
 [  3.46039845e-28]
 [  3.46039845e-28]
 [  1.40307132e-07]]
[[  1.23081251e-08]
 [  3.25811736e-09]
 [  7.83556117e-10]
 ..., 
 [  2.94133868e-28]
 [  2.94133868e-28]
 [  1.47336642e-08]]
29[[  1.15148918e-07]
 [  1.39265478e-06]
 [  1.81050253e-06]
 ..., 
 [  5.19059767e-29]
 [  5.19059767e-29]
 [  1.25573468e-07]]
[[  9.07628018e-09]
 [  2.42889427e-09]
 [  5.51579724e-10]
 ..., 
 [  4.41200802e-29]
 [  4.41200802e-29]
 [  1.07616540e-08]]
30[[  1.06072638e-07]
 [  1.39022588e-06]
 [  1.80995095e-06]
 ..., 
 [  7.78589651e-30]
 [  7.78589651e-30]
 [  1.14811814e-07]]
[[  6.72813117e-09]
 [  1.81376763e-09]
 [  3.94189243e-10]
 ..., 
 [  6.61801203e-30]
 [  6.61801203e-30]
 [  7.90620910e-09]]
31[[  9.93445067e-08]
 [  1.38841211e-06]
 [  1.80955676e-06]
 ..., 
 [  1.16788448e-30]
 [  1.16788448e-30]
 [  1.06905605e-07]]
[[  5.00951147e-09]
 [  1.35618377e-09]
 [  2.85916696e-10]
 ..., 
 [  9.92701805e-31]
 [  9.92701805e-31]
 [  5.83837697e-09]]
32[[  9.43349952e-08]
 [  1.38705593e-06]
 [  1.80927085e-06]
 ..., 
 [  1.75182671e-31]
 [  1.75182671e-31]
 [  1.01067228e-07]]
[[  3.74386484e-09]
 [  1.01507882e-09]
 [  2.10360303e-10]
 ..., 
 [  1.48905271e-31]
 [  1.48905271e-31]
 [  4.33066388e-09]]
33[[  9.05911303e-08]
 [  1.38604085e-06]
 [  1.80906049e-06]
 ..., 
 [  2.62774007e-32]
 [  2.62774007e-32]
 [  9.67365640e-08]]
[[  2.80700493e-09]
 [  7.60393687e-10]
 [  1.56872952e-10]
 ..., 
 [  2.23357906e-32]
 [  2.23357906e-32]
 [  3.22463997e-09]]
34[[  8.77841254e-08]
 [  1.38528046e-06]
 [  1.80890361e-06]
 ..., 
 [  3.94161011e-33]
 [  3.94161011e-33]
 [  9.35119241e-08]]
[[  2.11055491e-09]
 [  5.69994386e-10]
 [  1.18475024e-10]
 ..., 
 [  3.35036859e-33]
 [  3.35036859e-33]
 [  2.40900063e-09]]
35[[  8.56735705e-08]
 [  1.38471046e-06]
 [  1.80878514e-06]
 ..., 
 [  5.91241516e-34]
 [  5.91241516e-34]
 [  9.11029234e-08]]
[[  1.59096984e-09]
 [  4.27511543e-10]
 [  9.05384858e-11]
 ..., 
 [  5.02555289e-34]
 [  5.02555289e-34]
 [  1.80480604e-09]]
35 [[  8.40826007e-08]
 [  1.38428295e-06]
 [  1.80869460e-06]
 ..., 
 [  8.86862274e-35]
 [  8.86862274e-35]
 [  8.92981174e-08]]